             993               4            1358            1221            1283            1407
            1144               8            1436            4510            1221            1315            1356            4359            4412            1449
            1149               3            1449            4412            1416
            1152               3            1211            1209            1561
            1209              13            1407            4449            1279            1211            1283            4475            1463            1561            1549            1152            1229            1391            4392
            1211               6            1279            1209            1463            1561            1152            1438
            1221              14            1329            1354            4485            1377            4510            1558            1434            1358             993            1407            1315            1283            1144            1391
            1229               6            1391            1549            1283            1209            4392            1561
            1279               8            1358            1463            4515            4307            1407            4449            1209            1211
            1283              10            1221            1407             993            1558            1391            4449            1209            1549            4392            1229
            1315              19            4510            1221            1617            1558            1501            1144            4618            1391            1356            4412            1449            1614            4359            1623            4656            1549            1465            1727            4630
            1323              10            1412            1383            4553            4482            4479            4494            1377            1562            1337            1434
            1329              11            1606            4298            1660            1354            4484            4685            1502            4485            4510            4237            1221
            1337               4            1323            4553            1358            1434
            1354               5            1329            4484            1377            4485            1221
            1356               6            4510            1436            1144            1315            4359            4412
            1358              14            1434            1337            4553            4479            1530            1279            1463            1562            4515            1377             993            1221            1407            1558
            1377              11            1354            1412            4484            4494            1323            1562            1434            4485            1221            1558            1358
            1383               5            1323            4482            1412            4479            4553
            1391              10            1221            1558            1283            1407            1315            1449            1549            4392            1229            1209
            1407              23            1434            1558            1358            1562            4645            1530            4515            1221            1542            4635             993            1283            1391            1623            1279            1549            4548            4307            4449            1209            4475            1463            1561
            1412               6            1377            4484            4482            4494            1323            1383
            1416               6            1449            1465            4656            4412            1149            4630
            1434              11            1323            1377            1562            4479            4553            1337            1358            1530            1558            1221            1407
            1436               3            4510            1144            1356
            1438               3            1463            1561            1211
            1449              11            1315            1391            4412            1144            1614            1549            1465            1416            4656            1149            1598
            1463              11            1530            1358            4515            1279            4548            4475            1209            1407            1211            1561            1438
            1465               6            1315            1727            1449            4412            4630            1416
            1481              25            1754            4484            1624            1660            4485            1789            4646            1502            4768            4494            1916            1837            4810            4682            1562            1671            1617            4731            1713            4677            4645            1877            1558            1542            4705
            1489               4            4479            1631            4553            4669
            1501              11            1656            1502            1713            1617            4744            4510            4821            1315            4618            1727            4656
            1502              13            1606            1660            1329            1656            4485            1481            4768            4510            4770            1617            1873            1713            1501
            1530              18            4650            4479            1626            1688            4682            1562            1434            1671            4677            1358            4645            1463            4515            4823            4635            1407            1659            4548
            1542              10            1481            4645            1558            1617            4705            1407            1741            4618            4635            1623
            1549              19            1407            1623            4635            1558            1741            1391            4548            1315            4475            1614            1696            1283            1561            1449            1209            1598            1654            1659            1229
            1558              19            4485            1481            1562            1377            1617            1221            4645            1542            1434            4510            1407            1358            1315            4618            1391            1283            1623            1614            1549
            1561              15            4475            1549            1407            1209            1463            4635            1438            1211            1659            4601            1152            1654            1865            4651            1229
            1562              17            4494            4479            1323            1377            4650            4646            1434            4484            4682            1481            1558            4485            4645            1530            1358            1407            4515
            1598               7            1614            1549            1696            4656            1449            1749            1654
            1606               3            1502            1660            1329
            1614               9            1558            4618            1315            1623            1696            4656            1549            1449            1598
            1617              12            1481            1502            1713            4485            1656            1558            1501            4510            1542            4705            1315            4618
            1623              11            1542            4618            4705            1741            1558            1696            1407            4635            1549            1614            1315
            1624               7            1754            4484            4494            1781            4482            4646            1481
            1626               9            4669            1631            4479            4503            1795            4650            4745            1688            1530
            1631              16            1781            4709            4646            4482            1489            4479            1759            4669            1789            4650            1626            4745            1795            4731            1671            4682
            1654              10            1741            1696            4777            1549            1659            1561            1816            1598            4811            1865
            1656               8            1660            1502            4770            1713            1873            1617            4744            1501
            1659              23            4698            4823            1530            1688            1961            1877            2032            4677            1900            4800            1741            4635            1802            4777            4548            4475            4601            4776            1865            4651            1654            1549            1561
            1660              12            1808            1606            1502            1329            4685            4484            1754            4485            4768            4770            1656            1481
            1669               3            4709            1852            1781
            1671              17            1631            4731            4745            1789            1481            4682            4650            4766            4810            4801            4677            1877            1688            4823            4757            4698            1530
            1688              11            1795            4745            1626            4650            1671            4757            4698            1530            4823            4677            1659
            1696              15            1713            4618            4705            1623            4821            1741            1798            1614            1816            4777            4656            1549            1749            1654            1598
            1713              15            4768            1873            1481            1617            1837            1656            1502            4744            1501            4705            1867            1798            4821            4618            1696
            1727               9            4821            1501            1895            4656            1315            4630            1465            1749            4732
            1741              13            4645            4705            1877            4677            1542            4823            4635            1659            1623            4777            1696            1549            1654
            1749               6            4821            1727            4656            1696            1816            1598
            1754               9            1660            4484            1916            1808            1624            1781            4768            1481            1789
            1759               8            4709            1631            1917            1880            1901            4669            4745            1795
            1781               9            1754            1916            1852            1624            1669            4709            4646            1631            1789
            1789              13            1781            1916            1852            1894            4709            4810            1754            4731            1631            4646            1481            1837            1671
            1795              10            1759            4709            4745            1631            1901            1626            1917            4757            1688            4698
            1798              15            4904            1867            1873            1837            2041            1713            4705            2032            4897            4821            1895            2145            1961            1816            1696
            1802               5            1917            4698            1900            4800            1659
            1808              12            4859            1660            4879            1852            4931            1916            1754            4768            2019            1922            2095            4770
            1816              14            1798            2145            1961            4705            4777            4897            4821            1696            1895            4960            2150            1749            1654            2036
            1837              16            1916            4768            1481            4810            1789            1873            1894            2021            4904            2041            1713            4801            1877            1798            4705            1867
            1852              11            4931            1916            1808            1781            1894            1669            4709            2019            4879            1789            2021
            1865              13            1659            4777            1903            1900            1961            4800            4776            4886            4651            1561            2012            4811            1654
            1867              12            4904            4852            1798            1873            1914            1837            4744            1713            4821            2048            1895            4897
            1873              15            2095            1922            4768            4770            4904            4852            1916            1837            1713            1502            1656            1914            4744            1798            1867
            1877              17            4731            4810            4801            1671            1837            1481            4677            4766            2041            4645            4823            4705            1741            2032            1961            1659            4777
            1880               5            5010            4709            1917            1759            1901
            1894              12            1852            4709            5010            1789            1917            1916            2021            4810            4731            4801            2041            1837
            1895              12            1867            2048            1914            4744            4821            4897            1798            1727            1816            4960            4962            4732
            1900              10            1917            2032            4698            1802            1659            1961            4886            4800            1903            1865
            1901               4            1917            1880            1759            1795
            1903               6            4800            4777            1900            1865            4776            4651
            1914               5            1873            4852            4744            1867            1895
            1916              14            1808            1852            1754            1781            2019            4768            1789            1894            4810            2021            1481            1873            4904            1837
            1917              16            1880            1901            5010            4709            1759            1894            1795            2041            4801            4745            4766            4757            4698            2032            1802            1900
            1922               6            1808            2095            4770            4768            1873            4852
            1961              13            1877            2032            1659            4777            1900            4705            4886            1798            2145            1816            1865            2036            2012
            2012               3            4886            1961            1865
            2019               9            4879            4931            1852            1808            1916            2095            2021            4768            4904
            2021               7            1852            2019            1916            1894            4904            1837            2041
            2032              14            2041            1917            4757            4698            1900            1877            4766            4823            1798            1659            4705            1961            4886            2145
            2036               3            1961            2150            1816
            2041              12            1894            1917            4801            4810            1837            4766            2021            4757            1877            1798            2032            4705
            2048               2            1867            1895
            2095               9            4859            1808            4879            1922            2019            4768            4904            1873            4852
            2145               4            2032            1798            1961            1816
            2150               2            1816            2036
            4237               2            1329            4510
            4298               1            1329
            4307               2            1279            1407
            4359               4            1356            4412            1315            1144
            4392               4            1283            1391            1209            1229
            4412               8            1315            4359            1144            1356            1449            1465            1416            1149
            4449               4            1407            1283            1209            1279
            4475               9            4635            4548            1659            1463            4601            1549            1407            1209            1561
            4479              16            4482            1631            1383            1489            4553            4646            1323            4669            4494            4503            1626            4650            1562            1434            1530            1358
            4482               9            4494            4484            1412            1624            4646            1383            4479            1631            1323
            4484              13            4685            1660            1329            1754            1624            1354            4494            1377            1412            4482            4485            1481            1562
            4485              12            1660            1329            4484            1502            1481            1354            1377            4510            1617            1221            1558            1562
            4494              11            4484            1624            4482            1377            1412            4646            1323            4479            1562            1481            4650
            4503               4            4553            4669            4479            1626
            4510              12            1329            1502            4485            4237            1221            1436            1617            1501            1558            1144            1315            1356
            4515               8            1530            1358            1463            1562            1407            4635            4548            1279
            4548               8            4515            4635            1530            1463            1659            4475            1407            1549
            4553               9            4479            1489            1383            1323            4503            4669            1337            1434            1358
            4601               5            1659            4475            4776            4651            1561
            4618              12            1617            1542            1713            1558            4705            1501            1315            1696            1623            4821            1614            4656
            4630               5            1727            1465            1315            4656            1416
            4635              13            1530            4645            1407            4515            1542            1741            4677            1659            4548            4475            1623            1549            1561
            4645              12            1481            1562            4682            4677            1558            1877            1542            1530            4705            1741            1407            4635
            4646              11            1624            1781            4482            1631            4494            4479            1789            4650            1481            1562            4682
            4650              11            1631            4479            4646            4494            1562            1626            4682            4745            1671            1688            1530
            4651               6            1659            4601            4776            1903            1865            1561
            4656              12            1501            1727            4618            4821            1315            1614            1696            1749            4630            1449            1416            1598
            4669               7            1631            1759            1489            4503            4479            4553            1626
            4677              12            1481            1671            4682            1877            4645            4766            4823            1530            1688            1741            4635            1659
            4682               9            4646            1481            1562            1671            1631            4650            4645            4677            1530
            4685               3            1660            4484            1329
            4698              12            4757            1688            1795            4745            4823            1671            1917            1802            2032            1900            1659            4800
            4705              18            1837            1713            1481            1877            4645            1617            1542            1798            2041            1741            4618            2032            4821            1696            1623            1961            4777            1816
            4709              15            1852            1669            1894            1781            1631            1880            5010            1759            1789            1917            4731            4745            1795            4801            4766
            4731              11            4709            4810            1894            1789            1631            4801            4745            1671            4766            1481            1877
            4732               3            1895            4962            1727
            4744               9            4770            1873            1656            1914            1713            1501            1867            4821            1895
            4745              14            1759            4709            1795            1631            4731            1917            1626            1671            4766            4801            4757            4650            1688            4698
            4757              10            4745            1917            1795            4766            4698            1688            2041            4823            1671            2032
            4766              12            4709            4731            4745            4801            1917            1671            4757            2041            1877            4677            4823            2032
            4768              14            1660            1808            1916            4770            1754            1922            2019            2095            1873            4904            1481            1502            1837            1713
            4770               8            1808            1660            4768            1922            1656            1873            1502            4744
            4776               6            4800            1659            1865            1903            4601            4651
            4777              12            1877            1961            1659            1741            4705            1816            4800            1696            1903            1865            1654            4811
            4800               8            4698            1659            1802            1900            4777            4776            1903            1865
            4801              11            1894            4731            4709            2041            1917            4766            4745            4810            1671            1877            1837
            4810              10            1916            1894            1789            4731            1837            1481            4801            2041            1671            1877
            4811               3            4777            1654            1865
            4821              13            4744            1867            1501            1713            1895            1798            4705            4618            1727            1696            4656            1816            1749
            4823              11            1671            4677            4766            4757            1877            4698            1688            1530            1659            1741            2032
            4852               6            2095            1922            1873            4904            1914            1867
            4859               3            1808            4879            2095
            4879               6            4859            1808            2019            4931            1852            2095
            4886               5            2032            1961            1900            1865            2012
            4897               5            1867            1895            1798            1816            4960
            4904              10            2019            2095            4768            1873            2021            1916            4852            1837            1867            1798
            4931               4            1808            4879            1852            2019
            4960               4            1895            4897            1816            4962
            4962               3            4960            1895            4732
            5010               4            1894            1880            4709            1917
